Run24 = [157, 134, 150, 135, 150, 443, 165, 196, 168, 591, 156, 157, 212, 138, 187, 154, 147, 146, 180, 259, 184, 165, 168, 164, 156, 150, 138, 214, 163, 133, 232, 190, 167, 106, 128, 163, 183, 198, 145, 173, 149, 145, 200, 153, 193, 215, 303, 118, 156, 179, 209, 212, 199, 193, 141, 211, 131, 176, 155, 208, 187, 212, 191, 159, 155, 155, 167, 122, 227, 245, 148, 207, 131, 176, 207, 158, 161, 282, 180, 145, 131, 244, 130, 144, 223, 158, 158, 128, 154, 319, 198, 113, 177, 145, 165, 224, 196, 223, 161, 127, 128, 141, 198, 186, 162, 159, 208, 316, 164, 193, 193, 119, 183, 176, 176, 168, 186, 178, 198, 130, 360, 172, 186, 161, 171, 155, 205, 131, 130, 206, 154, 416, 142, 159, 187, 171, 147, 131, 218, 117, 156, 240, 132, 266, 165, 148, 366, 233, 221, 206, 253, 141, 152, 156, 146, 142, 168, 164, 151, 241, 127, 190, 187, 229, 187, 151, 179, 137, 165, 148, 134, 175, 243, 159, 160, 156, 261, 475, 165, 215, 155, 219, 179, 237, 211, 125, 140, 311, 161, 166, 289, 174, 201, 127, 181, 141, 421, 144, 216, 139, 149, 270, 130, 145, 155, 172, 219, 136, 144, 135, 225, 167, 171, 169, 149, 659, 109, 180, 150, 144, 240, 129, 586, 144, 173, 177, 173, 150, 142, 187, 110, 546, 198, 207, 154, 169, 126, 168, 338, 180, 201, 182, 242, 177, 148, 144, 161, 208, 135, 149, 124, 181, 205, 185, 160, 160, 174, 121, 168, 205, 190, 156, 162, 129, 177, 165, 207, 163, 126, 139, 183, 183, 691, 228, 146, 283, 173, 114, 188, 200, 182, 138, 197, 147, 209, 207, 132, 129, 158, 133, 348, 121, 169, 120, 560, 118, 139, 116, 164, 205, 211, 145, 210, 94, 172, 209, 158, 262, 147, 207, 169, 153, 137, 209, 147, 170, 348, 167, 165, 163, 187, 180, 349, 188, 174, 135, 151, 137, 199, 149, 176, 190, 152, 152, 137, 150, 150, 138, 167, 168, 181, 144, 164, 276, 139, 143, 283, 183, 169, 157, 316, 170, 193, 164, 167, 120, 188, 200, 156, 190, 181, 203, 186, 284, 141, 242, 110, 147, 269, 123, 205, 156, 180, 180, 133, 208, 160, 180, 280, 349, 333, 168, 170, 135, 137, 157, 155, 120, 269, 206, 153, 158, 175, 1305, 256, 175, 278, 183, 156, 128, 144, 183, 178, 201, 164, 179, 184, 135, 138, 199, 271, 221, 154, 169, 186, 192, 428, 208, 669, 253, 141, 197, 161, 163, 198, 136, 192, 277, 154, 140, 142, 150, 152, 134, 166, 173, 166, 348, 162, 164, 156, 162, 147, 139, 178, 182, 217, 154, 149, 176, 322, 131, 105, 161, 165, 139, 156, 301, 135, 162, 135, 131, 161, 163, 204, 234, 142, 399, 131, 181, 154, 123, 184, 292, 195, 214, 156, 152, 229, 135, 177, 148, 164, 304, 149, 130, 132, 173, 314, 168, 163, 206, 128, 134, 181, 158, 251, 161, 133, 164, 215, 187, 181, 117, 145, 109, 147, 167, 151, 250, 151, 235, 177, 147, 169, 137, 171, 172, 184, 139, 157, 113, 225, 1526, 172, 146, 331, 165, 146, 838, 200, 126, 169, 115, 182, 166, 135, 117, 145, 132, 170, 154, 155, 206, 142, 114, 173, 284, 415, 163, 291, 144, 166, 129, 164, 182, 207, 189, 141, 191, 137, 165, 173, 129, 168, 207, 162, 115, 99, 342, 159, 191, 155, 132, 113, 155, 108, 162, 151, 147, 199, 428, 255, 135, 207, 153, 178, 201, 195, 160, 230, 222, 178, 112, 186, 237, 144, 116, 415, 110, 173, 149, 135, 120, 156, 175, 217, 153, 165, 163, 157, 121, 262, 146, 278, 205, 267, 193, 196, 161, 260, 123, 130, 159, 249, 597, 142, 232, 108, 140, 180, 220, 200, 126, 127, 213, 151, 134, 127, 195, 150, 173, 158, 160, 201, 257, 192, 197, 152, 124, 173, 130, 192, 110, 197, 356, 208, 173, 145, 149, 140, 160, 281, 190, 191, 127, 140, 161, 269, 164, 128, 354, 133, 171, 381, 178, 175, 142, 234, 182, 140, 417, 159, 189, 175, 159, 144, 525, 459, 179, 135, 137, 272, 143, 286, 584, 181, 152, 129, 145, 171, 144, 170, 245, 180, 184, 313, 167, 163, 165, 194, 212, 181, 144, 199, 147, 165, 185, 178, 181, 169, 212, 134, 174, 211, 148, 194, 198, 164, 181, 132, 130, 187, 162, 172, 368, 126, 219, 133, 174, 206, 160, 173, 169, 211, 159, 132, 142, 194, 175, 120, 611, 161, 147, 187, 300, 144, 101, 163, 149, 292, 126, 331, 172, 203, 161, 161, 147, 178, 173, 163, 181, 146, 186, 242, 127, 156, 235, 126, 154, 133, 150, 266, 200, 142, 257, 159, 248, 126, 163, 190, 160, 147, 189, 149, 206, 156, 191, 122, 135, 157, 181, 139, 191, 243, 3215, 120, 232, 138, 153, 206, 182, 169, 264, 139, 149, 172, 176, 130, 117, 172, 119, 183, 597, 144, 255, 226, 152, 190, 157, 219, 275, 160, 139, 141, 137, 174, 173, 261, 193, 204, 186, 113, 145, 156, 448, 213, 139, 149, 132, 181, 161, 162, 198, 378, 179, 226, 168, 173, 177, 194, 402, 180, 146, 177, 174, 144, 162, 202, 191, 146, 136, 162, 237, 166, 163, 166, 164, 174, 165, 170, 132, 152, 125, 181, 797, 222, 141, 189, 170, 221, 156, 151, 150, 175, 184, 158, 131, 156, 213, 167, 1736, 180, 185, 183, 146, 948, 688, 154, 133, 204, 145, 198, 166, 204, 2275, 129, 174, 142, 155, 221, 131, 204, 160, 124, 172, 180, 130, 146, 179, 165, 175, 221, 177, 207, 182, 212, 125, 256, 228, 244, 431, 139, 191, 129, 219, 178, 551, 190, 153, 160, 190, 154, 151, 139, 162, 179, 141, 168, 142, 179, 168, 150, 145, 334, 155, 153, 177, 163, 299, 248, 122, 195, 250, 141, 152, 195, 291, 159, 156, 566, 123, 121, 197, 138, 171, 435, 132, 237, 193, 124, 200, 152, 128, 177, 125, 172, 158, 160, 141, 187, 143, 156, 134, 164, 151, 138, 269, 169, 189, 172, 151, 190, 113, 188, 194, 216, 315, 144, 169, 167, 136, 154, 175, 325, 189, 189, 191, 161, 135, 153, 199, 147, 188, 144, 140, 161, 207, 243, 264, 137, 204, 163, 229, 171, 124, 192, 189, 151, 228, 141, 203, 184, 137, 168, 168, 143, 145, 166, 143, 135, 144, 377, 138, 234, 153, 166, 223, 160, 189, 171, 175, 132, 153, 222, 202, 158, 182, 108, 171, 228, 189, 185, 243, 166, 148, 156, 197, 117, 198, 157, 148, 123, 200, 149, 455, 281, 313, 183, 143, 273, 121, 160, 185, 199, 178, 119, 161, 176, 154, 149, 168, 214, 127, 143, 170, 107, 190, 422, 136, 149, 192, 193, 132, 235, 174, 144, 134, 160, 111, 137, 151, 147, 130, 179, 241, 142, 161, 185, 146, 168, 187, 178, 172, 255, 166, 147, 144, 172, 180, 154, 123, 143, 178, 215, 153, 150, 208, 240, 109, 131, 174, 154, 174, 214, 165, 181, 142, 123, 705, 175, 162, 150, 251, 149, 155, 343, 219, 142, 141, 195, 159, 134, 245, 207, 136, 128, 170, 152, 106, 284, 128, 153, 247, 174, 174, 152, 153, 221, 311, 225, 190, 279, 143, 195, 146, 865, 216, 264, 146, 160, 116, 113, 150, 147, 166, 117, 222, 162, 143, 169, 171, 135, 181, 316, 196, 165, 327, 160, 139, 210, 174, 116, 180, 156, 174, 159, 169, 121, 229, 173, 150, 235, 159, 163, 157, 216, 157, 207, 220, 221, 274, 212, 168, 236, 216, 199, 750, 179, 135, 150, 149, 201, 166, 320, 148, 177, 134, 212, 119, 145, 155, 211, 139, 144, 125, 151, 165, 174, 152, 155, 163, 153, 125, 227, 356, 171, 159, 210, 144, 159, 135, 197, 138, 122, 212, 167, 165, 155, 179, 150, 139, 150, 138, 169, 150, 159, 132, 130, 169, 209, 118, 210, 161, 110, 162, 227, 181, 128, 415, 175, 201, 164, 161, 175, 209, 136, 212, 188, 166, 153, 337, 110, 125, 220, 1229, 238, 178, 415, 179, 200, 306, 274, 163, 159, 167, 181, 152, 164, 132, 142, 193, 159, 265, 114, 150, 259, 145, 222, 121, 159, 255, 167, 163, 156, 804, 178, 174, 153, 152, 141, 135, 145, 195, 187, 142, 215, 206, 154, 596, 210, 118, 193, 124, 113, 148, 215, 148, 254, 146, 133, 165, 195, 623, 226, 193, 163, 171, 232, 155, 138, 226, 165, 1278, 185, 195, 181, 134, 163, 150, 442, 196, 169, 152, 145, 168, 156, 157, 116, 155, 154, 174, 150, 150, 168, 142, 287, 139, 219, 152, 154, 160, 151, 128, 131, 120, 382, 170, 173, 160, 142, 166, 215, 153, 138, 236, 153, 174, 176, 152, 161, 147, 137, 193, 191, 192, 172, 153, 180, 132, 158, 277, 199, 131, 184, 268, 153, 110, 114, 194, 137, 243, 170, 196, 119, 155, 153, 131, 198, 153, 155, 151, 212, 157, 126, 245, 164, 143, 1538, 190, 117, 186, 137, 164, 284, 189, 424, 216, 171, 128];
