good_tracks_length = [53.459885395578745, 39.90569821815241, 38.289002545629124, 38.2351167867584];
bad_tracks_length = [54.09694216599671, 46.52704984037046, 15.697233678065302, 14.138624689051063, 26.633302699163572, 27.287802424233192, 38.08937423912535, 39.77177864178531, 32.162149896327406, 15.40049756026201, 28.443740137539326, 11.882927503727316];
good_tracks_rho = [83.106220377778769, 62.209201946888541, 80.878117641549551, 64.122750120589373];
bad_tracks_rho = [52.508906711048624, 56.765586268021657, 36.540728691053523, 56.001889637163984, 50.606018658318249, 53.089143927986143, 65.176717354626518, 56.775064295815739, 85.395356355534744, 4.7908867073370933, 100.24092255889732, 62.124365110726117];
good_tracks_theta = [0.14509189515670326, 0.10568609801896728, 0.24332902775064838, -0.046571953872243152];
bad_tracks_theta = [-0.1794323343055666, -0.312085388056968, 0.83932591910400822, -1.1439493720179081, -0.16706581511673185, -0.2961782708996632, -0.013300487081664548, 0.045843400836595591, 0.19367733444193808, 1.4558192304041824, 0.19475191485578444, -0.18934758242649452];
good_tracks_x0 = [1.43315, 8.40215, 1.32291, 8.45727];
bad_tracks_x0 = [8.54339, 12.426, 24.112, 18.9858, 30.2852, 8.48827, 8.34703, 9.06361, 1.48827, 4.24432, 1.62263, 50.4527];
good_tracks_y0 = [84.005, 63.37, 83.235, 63.975];
bad_tracks_y0 = [52.26, 55.56, 81.365, 93.41, 46.21, 52.975, 64.91, 57.32, 87.14, 80.925, 102.375, 53.195];
good_tracks_Nhits = [137, 88, 62, 44];
bad_tracks_Nhits = [75, 69, 50, 64, 69, 90, 121, 77, 74, 49, 64, 17];
good_tracks_R2 = [0.070740843018825952, 0.021911568383841708, 0.04039598062356925, 0.035787488485026234];
bad_tracks_R2 = [0.032694939549071322, 0.025689009024692979, 0.028952038798405161, 0.026830753047871067, 0.026347089526856559, 0.051402045994939811, 0.05075017984983269, 0.031851986048372381, 0.043555421302137583, 0.02037933679375754, 0.03571678180711986, 0.051429346452995364];
lincoords = NaN(4, 137);
lincoords(1, 1:137) = [0.0, 0.11020542697124291, 0.40565198317646534, 0.6169869921722118, 0.9680981419391568, 2.7293386654115324, 2.737290750206064, 4.156505863784464, 5.4405355358558225, 5.526884708443468, 5.7995888754910645, 6.2507058471303125, 6.306370440692035, 6.696118254279433, 7.685825130297772, 7.8028588819113445, 8.79372909778683, 9.042577010450835, 9.074385349628962, 9.830024722420163, 12.028705778394656, 13.353600257508361, 13.526357972241065, 13.579735465793437, 13.759301715315999, 13.852439632841033, 13.92400839599182, 14.133095884683158, 16.987469861133967, 18.40665528993366, 18.44412861389697, 20.509911328373768, 20.609956729951016, 20.649717153923675, 20.86099279336201, 21.196269038023537, 21.24169444678138, 21.25079008158059, 21.335975914311092, 21.461021120276605, 22.700640299553733, 22.76321237716767, 22.793877166341126, 22.832494040309108, 22.885871533861483, 23.020012374626205, 23.122245926950434, 23.129054461740296, 23.14495863132936, 23.160862800918423, 23.200623224891082, 23.21424029447079, 23.22333592927, 23.230144464059855, 23.276812372084727, 23.285809057621584, 23.300668626468322, 23.33814195043164, 23.347237585230843, 23.377902374404293, 23.385854459198832, 23.40971071358242, 23.510800715901986, 23.573372793515922, 23.613133217488574, 23.823364256184597, 25.030031546278927, 25.34249613729918, 26.465220093930036, 28.53099332625056, 29.770612505527687, 29.816136863547882, 29.97289145942917, 30.0502241566275, 30.075125011753407, 30.197883117709573, 30.26830833085568, 30.30011667003381, 30.309212304833018, 30.338832493264157, 30.339877094006475, 30.34678457805868, 30.409257706410266, 30.41606624120012, 30.417209791204797, 30.471730834761843, 30.666057703868795, 30.683105423462536, 31.196705418379594, 31.39207688822887, 31.75916147206852, 31.764826456853704, 31.773922091652913, 31.913727917202813, 31.920536451992668, 31.929632086791877, 32.008009384732524, 32.022770004316904, 32.069338963079424, 32.08409958266382, 32.13181209143101, 32.19657231979194, 32.209144788629324, 32.233001043012926, 32.27957000177545, 32.28752208656997, 32.30342625615904, 32.33523459533717, 32.420420428067665, 35.655496057937846, 35.772490229846476, 36.8087858544798, 36.823546474064194, 37.13601106508444, 37.82236877473421, 38.14164190054432, 38.57915169753009, 38.77347856663703, 42.60951869274549, 42.62656641233922, 42.63451849713376, 43.037932854932045, 43.584484739031915, 44.792295579130915, 45.49341390836508, 47.52738828366375, 47.770472262280215, 47.79432851666381, 47.98865538577076, 51.753235180147065, 51.800947688914256, 52.25311915622205, 52.540682892116386, 52.726958727166455, 53.30531895044445, 53.390603732437306, 53.459885395578745];
lincoords(2, 1:88) = [0.0, 0.37209327834157335, 0.5713421620574852, 0.5913430926962455, 0.6693632282515161, 1.9358913580993438, 2.086089931901409, 2.1467838596153825, 2.4524310107723686, 2.562016141132876, 3.439094952185208, 3.6640671333978716, 3.7479687430784523, 4.345083923653725, 4.668136836285665, 4.711325560482617, 6.6040779154060445, 7.351391669783386, 7.357193590275038, 7.400481756514058, 7.760921472851294, 8.248451523066066, 8.430334422123849, 10.04312314657022, 10.13530251545577, 10.628634486162188, 10.744021537014351, 11.540425378122357, 13.312647169832037, 13.37334109754601, 13.384944938529312, 13.422331742234611, 14.005267801071195, 14.668779387810023, 17.037358509922854, 18.534760183517065, 18.644444755919636, 19.03389407471513, 19.094488560387035, 19.910873443725393, 20.219747234618644, 23.823269603365645, 24.134718675014277, 24.195412602728254, 25.089797733213473, 25.3638600011568, 25.545742900214584, 25.637922269100144, 25.643724189591794, 25.6553280305751, 25.7043186752637, 25.71012059575535, 25.77081452346932, 26.434326110208147, 26.440128030699803, 26.489118675388404, 28.169161098212527, 28.711483713607556, 28.910772374140286, 29.617472685076073, 30.560947902291964, 30.586730865013955, 31.158063082867237, 31.212855648047487, 32.09573637959148, 32.193717668968674, 33.818110234398354, 33.97678545148953, 34.03737993716144, 34.135460668580706, 35.54638545173894, 38.12585707536781, 38.218036444253364, 38.50047591344374, 38.54689127737695, 38.89582659477296, 38.924836197231215, 39.071808131297026, 39.11509629753605, 39.12670013851935, 39.16408694222465, 39.169888862716306, 39.175690783207955, 39.19309654468291, 39.230483348388205, 39.236285268879854, 39.24788910986316, 39.90569821815241];
lincoords(3, 1:62) = [0.0, 0.06576654751842881, 0.6272414444506325, 0.814723544245691, 0.9752122495273738, 2.525160521689962, 2.5791473107167135, 3.0468811577513932, 4.330329362310238, 4.637564798650477, 5.519045703693074, 5.7330306440686485, 5.772784904939424, 5.906780475053338, 7.136722739105537, 8.674400698843584, 8.98213639452944, 9.276100999753922, 9.59658785638442, 10.051570542474451, 11.802791415718985, 14.299297998022574, 15.34083528689051, 16.06225980810777, 16.089801989030526, 16.130969679223362, 16.369966387555365, 16.651267180549972, 16.771472249377005, 17.4267367232705, 18.682652452319353, 18.923630787208303, 19.88613069744204, 20.05981259053746, 20.447595888961494, 20.608026361766655, 20.834810990150636, 20.929552558739395, 20.955584256212553, 21.03556392106146, 21.07626046814695, 21.128323863093264, 21.14204642649088, 21.5705262720004, 22.67926294853433, 22.786687740178458, 23.14796819802197, 23.615162964060026, 26.248807028561863, 26.30332319317248, 26.5560424649021, 29.439861202522373, 30.054803218310205, 30.055371415545096, 30.121628516996388, 30.48328306381972, 31.164579235186388, 31.873223479220734, 34.118141959083836, 36.99276435847462, 37.63430626897051, 38.289002545629124];
